Adjacency Matrix:

[[ 0.  0.  0.  0.  0.  0.  0.  0.]
 [ 0.  0.  0.  0.  1.  0.  1.  0.]
 [ 0.  0.  0.  0.  0.  0.  0.  1.]
 [ 0.  0.  0.  0.  1.  0.  0.  1.]
 [ 0.  0.  0.  0.  0.  1.  0.  0.]
 [ 0.  0.  0.  0.  0.  0.  0.  0.]
 [ 0.  0.  0.  0.  0.  0.  0.  0.]
 [ 1.  0.  0.  0.  0.  1.  1.  0.]]

Adjacent list:

2 -> []
3 -> [8,10]
5 -> [11]
7 -> [8,11]
8 -> [9]
9 -> []
10 -> []
11 -> [2,9,10]

Adjacency Matrix:

[[ 0.  1.  0.  0.  1.  0.]
 [ 1.  0.  1.  0.  1.  0.]
 [ 0.  1.  0.  1.  0.  0.]
 [ 0.  0.  1.  0.  1.  1.]
 [ 1.  1.  0.  1.  0.  0.]
 [ 0.  0.  0.  1.  0.  0.]]

Adjacenct list:

1 -> [2,5]
2 -> [1,3,5]
3 -> [2,4]
4 -> [3,5,6]
5 -> [1,2,4]
6 -> [4]
